The most similar words to 'car' are:
vehicle: 0.7821096181869507
cars: 0.7423830032348633
SUV: 0.7160962224006653
minivan: 0.6907036304473877
truck: 0.6735789775848389
Car: 0.6677608489990234
Ford_Focus: 0.6673202514648438
Honda_Civic: 0.6626849174499512
Jeep: 0.651133120059967
pickup_truck: 0.6441437602043152
Toyota_Camry: 0.6395173668861389
scooter: 0.638153076171875
Honda_Accord: 0.6343972086906433
sedan: 0.6336700916290283
Toyota_Corolla: 0.6304991841316223
motorcycle: 0.6256055235862732
Nissan_Altima: 0.6253109574317932
Ford_Explorer: 0.6211567521095276
Ford_Escort: 0.6211459040641785
Ford_Mustang: 0.6198909282684326


The most similar words to 'dog' are:
dogs: 0.8680489659309387
puppy: 0.8106428980827332
pit_bull: 0.7803961038589478
pooch: 0.7627376914024353
cat: 0.7609456777572632
golden_retriever: 0.7500901818275452
German_shepherd: 0.7465174198150635
Rottweiler: 0.7437615394592285
beagle: 0.7418621182441711
pup: 0.740691065788269
Pomeranian: 0.7238621711730957
canines: 0.7221246957778931
chihuahua: 0.7173917889595032
pet: 0.7164785861968994
schnauzer: 0.7128096222877502
Shih_Tzu: 0.7095322012901306
pit_bull_mix: 0.7075781226158142
dachshund: 0.7072319388389587
Labrador_retriever: 0.7069687247276306
border_collie: 0.7046385407447815


The most similar words to 'apple' are:
apples: 0.720359742641449
pear: 0.6450697183609009
fruit: 0.6410146355628967
berry: 0.6302295327186584
pears: 0.613396167755127
strawberry: 0.6058261394500732
peach: 0.6025872230529785
potato: 0.5960935354232788
grape: 0.5935863852500916
blueberry: 0.5866668224334717
cherries: 0.5784382224082947
mango: 0.5751855373382568
apricot: 0.5727777481079102
melon: 0.5719985365867615
almond: 0.5704829692840576
Granny_Smiths: 0.5695334076881409
grapes: 0.5692256093025208
peaches: 0.5659247040748596
pumpkin: 0.5651882886886597
apricots: 0.5645568370819092


The most similar words to 'face' are:
faces: 0.7507184743881226
faced: 0.6936421990394592
facing: 0.6855442523956299
Facing: 0.5200857520103455
confront: 0.4934573471546173
Face: 0.4818263053894043
confronting: 0.4730493724346161
Mother_Nature_Gino_Izzi: 0.4442664384841919
Rutter_wrenched: 0.44227713346481323
pose: 0.44007402658462524
Brownell_inherits: 0.4159057140350342
WabiSabiLabi_auctions: 0.4104233682155609
looming: 0.4102632701396942
grapple: 0.4089740812778473
countenance: 0.4028920829296112
Faced: 0.39832058548927307
Sweat_pours: 0.39705175161361694
confronts: 0.39510810375213623
flinch: 0.3943946957588196
gauzy_handkerchiefs: 0.39239102602005005


The most similar words to 'vice' are:
Vice: 0.7071004509925842
Sabki_Yusof_youth: 0.6106000542640686
Pak_Pyong_Jong: 0.5953587889671326
chairman: 0.5833967328071594
deputy: 0.573536217212677
Shang_Yong: 0.5676345229148865
chairman_Bukar_Shekau: 0.5545556545257568
Tom_Plimpton_PACCAR: 0.5409373641014099
mayor_Liu_Jingmin: 0.5368770956993103
premier_Zeng_Peiyan: 0.5363398194313049
Ri_Kyong_Son: 0.534790575504303
vicechairman: 0.5306793451309204
chariman: 0.5292192697525024
L._Shedlarz: 0.5246487855911255
Shu_Yuelong: 0.5239517092704773
premier_Huang_Ju: 0.5186014175415039
Cabazon_Tribal_Council: 0.5183661580085754
chairmanof: 0.5165008902549744
chair_Joe_Mihevc: 0.5156469941139221
Li_Chengyun: 0.515086829662323