The most similar words to 'apple' are:
apples: 0.720359742641449
pear: 0.6450697183609009
fruit: 0.6410146355628967
berry: 0.6302295327186584
pears: 0.613396167755127
strawberry: 0.6058261394500732
peach: 0.6025872230529785
potato: 0.5960935354232788
grape: 0.5935863852500916
blueberry: 0.5866668224334717
cherries: 0.5784382224082947
mango: 0.5751855373382568
apricot: 0.5727777481079102
melon: 0.5719985365867615
almond: 0.5704829692840576
Granny_Smiths: 0.5695334076881409
grapes: 0.5692256093025208
peaches: 0.5659247040748596
pumpkin: 0.5651882886886597
apricots: 0.5645568370819092

The most similar words to 'bank' are:
banks: 0.7440759539604187
banking: 0.690161406993866
Bank: 0.6698698401451111
lender: 0.6342284679412842
banker: 0.6092953085899353
depositors: 0.6031531691551208
mortgage_lender: 0.5797975659370422
depositor: 0.5716428160667419
BofA: 0.5714625120162964
Citibank: 0.5589520931243896
