The most similar words to 'bat' are:
bats: 0.7677518725395203
batting: 0.6346986293792725
Pinch_hitter_Brayan_Pena: 0.6011941432952881
batsman: 0.5579798221588135
batted: 0.5542199611663818
Hawaiian_hoary: 0.5447419881820679
Lelands.com_auctioned: 0.5397745370864868
yelled_Cheater: 0.538004457950592
wicketkeeper_Andrew_Hodd: 0.5371008515357971
lefthanded_batter: 0.53566575050354
